# Created by Octave 3.2.4, Fri Jan 06 17:35:17 2012 W. Europe Standard Time <unknown@unknown>
# name: matrix
# type: matrix
# rows: 256
# columns: 7
 0.000865391 -1.0376353 0 1.0376353 0.000865391 3.6862874e-018 0.000865391
 0.10411806 0.66300157 -2.3403468 2.4324462 0.10411806 3.6966635e-018 0.10411806
 -0.10536877 -0.94364174 1.5038251 1.7753731 -0.10536877 3.938915e-018 0.10536877
 -0.096618481 -1.1502285 -0.86397267 1.4385668 -0.096618481 7.3886684e-018 0.096618481
 0.27446187 0.57395462 0.50015692 0.76130208 0.27446187 -8.1145756e-019 0.27446187
 0.10062465 0.47718883 -2.1677771 2.2196771 0.10062465 4.9310023e-018 0.10062465
 -0.031682827 -0.29098326 0.21304186 0.36063568 -0.031682827 5.0347638e-018 0.031682827
 0.17886193 -0.72250322 -1.7945899 1.9345707 0.17886193 7.2302732e-018 0.17886193
 -0.041154884 2.5909346 -3.166907 4.0917284 -0.041154884 1.490778e-018 0.041154884
 0.0745764 -0.68816601 -2.492155 2.5854224 0.0745764 -4.7527019e-018 0.0745764
 -0.056584343 1.1042635 -0.74983558 1.3347851 -0.056584343 6.5983867e-018 0.056584343
 -0.011519475 -1.3681036 1.1536758 1.789602 -0.011519475 7.8671097e-018 0.011519475
 0.37244159 3.3128446 -1.5938337 3.6763086 0.37244159 6.6017748e-018 0.37244159
 -0.33329657 -0.029501301 2.3779542 2.3781372 -0.33329657 -1.4391937e-017 0.33329657
 -0.07670486 -1.4144155 -2.7228473 3.0683006 -0.07670486 6.5424825e-018 0.07670486
 0.012635638 0.71059789 -0.3340849 0.78521468 0.012635638 1.6998469e-017 0.012635638
 0.06430091 0.21665298 -1.3891154 1.405909 0.06430091 4.086611e-018 0.06430091
 0.061967451 3.1785175 0.27244177 3.1901721 0.061967451 1.3509399e-017 0.061967451
 0.035306752 -0.11124346 0.31789181 0.33679416 0.035306752 -3.7197346e-018 0.035306752
 -0.011976154 2.0284173 0.59130858 2.112847 -0.011976154 -1.4865044e-017 0.011976154
 0.013347088 -0.18347284 1.1599514 1.174372 0.013347088 -9.214256e-018 0.013347088
 -0.015255818 0.9767673 -0.26029969 1.0108562 -0.015255818 -1.1152063e-017 0.015255818
 -0.032171197 -3.6759149 2.9950374 4.7415819 -0.032171197 -5.4167969e-018 0.032171197
 -0.42161387 -0.58463315 -0.59695607 0.83555518 -0.42161387 1.1875795e-017 0.42161387
 0.17602672 -1.6876706 2.0582893 2.6617263 0.17602672 3.316981e-018 0.17602672
 -0.035100222 -0.070369689 0.12505106 0.14349098 -0.035100222 9.5799426e-019 0.035100222
 -0.04386339 0.15221083 1.0463631 1.0573759 -0.04386339 7.4175681e-018 0.04386339
 0.008789533 -1.4485315 -0.2026461 1.4626376 0.008789533 8.8808188e-018 0.008789533
 -0.046787836 2.8610915 -0.42715192 2.892802 -0.046787836 1.8184183e-018 0.046787836
 0.010265357 -1.3646794 -1.0692397 1.7336734 0.010265357 3.1541392e-020 0.010265357
 0.035256006 0.64850899 1.9445401 2.0498293 0.035256006 -4.4374441e-018 0.035256006
 0.009122181 -1.5222035 -0.098007638 1.5253553 0.009122181 -1.7898492e-017 0.009122181
 -0.022775872 -0.37852472 -0.32959298 0.50190886 -0.022775872 3.8967446e-018 0.022775872
 -0.043074373 0.43363867 -0.91014694 1.0081716 -0.043074373 -3.6393274e-018 0.043074373
 0.002139942 -0.44770205 -0.53079149 0.69438947 0.002139942 2.205943e-017 0.002139942
 0.002891588 -2.0681994 -0.1071973 2.0709756 0.002891588 -5.9453243e-018 0.002891588
 -0.04839379 -1.5936215 -1.9399785 2.5106067 -0.04839379 3.032378e-019 0.04839379
 0.004932872 1.2864543 1.7636674 2.1829996 0.004932872 -1.1594353e-017 0.004932872
 0.009055731 -0.11342989 1.0526255 1.0587194 0.009055731 -1.0425384e-018 0.009055731
 0.12060261 1.1703825 -0.80287126 1.4192947 0.12060261 8.5555569e-018 0.12060261
 0.35041985 1.9058123 -0.1846065 1.9147324 0.35041985 2.4394549e-019 0.35041985
 -0.049741529 0.62393481 1.4562279 1.5842646 -0.049741529 -1.6796663e-018 0.049741529
 0.018746957 -1.1048264 1.9570326 2.247358 0.018746957 3.9358392e-018 0.018746957
 -0.020023627 1.3567119 -1.6355558 2.1250201 -0.020023627 6.2816956e-019 0.020023627
 -0.018909276 1.8066269 0.41994519 1.8547923 -0.018909276 4.5251121e-018 0.018909276
 0.05838256 1.9209985 2.0807462 2.8319146 0.05838256 -3.5099457e-019 0.05838256
 0.003512445 -0.20074869 1.1516248 1.1689909 0.003512445 4.8111471e-018 0.003512445
 0.032333404 0.49781604 -1.4515824 1.5345724 0.032333404 -8.2092117e-019 0.032333404
 -0.004187524 1.4284635 2.7178073 3.0703394 -0.004187524 -6.1847117e-018 0.004187524
 0.053402066 -1.48644 1.2413303 1.9365962 0.053402066 5.3410973e-018 0.053402066
 -0.193661 -0.13583905 -0.26285138 0.29587682 -0.193661 -1.1395674e-017 0.193661
 -0.030811183 1.2129688 0.060439941 1.2144736 -0.030811183 1.498574e-017 0.030811183
 -0.010904786 0.193302 -1.7400194 1.7507236 -0.010904786 -2.3439858e-018 0.010904786
 -0.002647284 0.030912144 -0.025505989 0.040076378 -0.002647284 3.0563821e-018 0.002647284
 -0.019114079 1.4222963 -1.171621 1.8427215 -0.019114079 6.2910447e-018 0.019114079
 0.14875135 -1.1692288 1.044341 1.5677194 0.14875135 -1.5241352e-018 0.14875135
 -0.25845224 -3.0310048 1.0161136 3.1967916 -0.25845224 8.2481448e-018 0.25845224
 0.19318524 -0.57960655 1.7009693 1.7970087 0.19318524 -9.8425228e-018 0.19318524
 -0.024676971 -0.98755026 0.95028783 1.3705118 -0.024676971 1.5953119e-017 0.024676971
 -0.08230494 0.1560581 -0.35641763 0.38908567 -0.08230494 -2.2922664e-018 0.08230494
 0.15327136 -1.6287386 -0.82530262 1.8259009 0.15327136 1.1639239e-018 0.15327136
 -0.013393482 2.4025832 -0.69465967 2.5009914 -0.013393482 1.051634e-017 0.013393482
 0.22557485 0.97047607 2.4925745 2.6748367 0.22557485 2.0331074e-017 0.22557485
 0.066862829 2.1956894 -0.71901184 2.3104177 0.066862829 -5.8344471e-018 0.066862829
 -0.005007621 0.37783407 -0.12548505 0.39812697 -0.005007621 -3.2526065e-018 0.005007621
 0.054133821 1.2126487 -0.024656396 1.2128994 0.054133821 1.5839728e-017 0.054133821
 0.30471957 1.3876068 0.2060291 1.4028188 0.30471957 -1.861249e-017 0.30471957
 0.035531294 -1.1384818 -1.9307708 2.2414318 0.035531294 -1.3428013e-017 0.035531294
 -0.074139223 0.32277805 -0.58498964 0.66813063 -0.074139223 2.6579894e-018 0.074139223
 0.01723122 -0.87773621 -0.95660634 1.2982744 0.01723122 -3.3089342e-018 0.01723122
 0.054142788 2.5458058 0.19620432 2.5533553 0.054142788 -7.3251409e-018 0.054142788
 -0.05307924 -0.14579517 -1.8980231 1.9036145 -0.05307924 -3.6117485e-018 0.05307924
 0.027416158 0.16583119 -0.61697121 0.63886889 0.027416158 -1.4121733e-017 0.027416158
 0.050989781 0.77386911 -0.48991329 0.91590853 0.050989781 -6.4874253e-018 0.050989781
 0.045185816 1.3876734 -0.90200752 1.6550695 0.045185816 -1.660354e-017 0.045185816
 -0.02669557 -0.84010602 0.77761819 1.1447568 -0.02669557 -5.1433164e-018 0.02669557
 0.020914664 -1.9748471 -1.3290115 2.3803976 0.020914664 1.3540669e-017 0.020914664
 0.020171048 -0.14291182 -0.26211419 0.29854252 0.020171048 -3.983596e-018 0.020171048
 -0.032324258 -1.4569888 -1.482023 2.0782706 -0.032324258 -7.3353053e-018 0.032324258
 -0.038908169 -1.8731604 -0.10691337 1.8762091 -0.038908169 -1.8666489e-018 0.038908169
 0.002208921 0.11424349 -1.1193782 1.1251929 0.002208921 -1.1931465e-018 0.002208921
 -0.008629396 0.13514492 1.058311 1.066905 -0.008629396 2.0031628e-018 0.008629396
 -0.04518985 0.48998709 1.0577738 1.1657499 -0.04518985 1.5906421e-017 0.04518985
 -0.047292139 -0.18976168 1.5661272 1.5775816 -0.047292139 1.4514307e-018 0.047292139
 0.029560423 -0.55220821 1.1567606 1.2818069 0.029560423 2.3071258e-018 0.029560423
 -0.011835856 1.9565278 -1.7593028 2.6311874 -0.011835856 1.9302038e-018 0.011835856
 -0.003346157 -0.46373951 -2.3844083 2.4290857 -0.003346157 2.9289288e-018 0.003346157
 -0.17435797 -1.5692978 -1.7840405 2.3760253 -0.17435797 -1.3617295e-017 0.17435797
 0.080544405 0.62273473 -1.9874968 2.0827727 0.080544405 1.2707188e-017 0.080544405
 -0.16793759 1.9296503 0.32826729 1.9573732 -0.16793759 1.8965068e-018 0.16793759
 0.29660115 1.0734917 -0.88721579 1.3926724 0.29660115 -1.146215e-017 0.29660115
 -0.019905306 -1.163414 0.12968757 1.1706199 -0.019905306 -3.6359379e-018 0.019905306
 -0.011410435 -3.2768415 -0.5871854 3.3290354 -0.011410435 -3.0881207e-018 0.011410435
